第1幅图像的平均误差：0.544003像素
第2幅图像的平均误差：0.588054像素
第3幅图像的平均误差：0.402368像素
第4幅图像的平均误差：0.411269像素
第5幅图像的平均误差：0.35956像素
第6幅图像的平均误差：0.660465像素
第7幅图像的平均误差：0.653067像素
第8幅图像的平均误差：0.438008像素
第9幅图像的平均误差：0.452738像素
第10幅图像的平均误差：0.140697像素
第11幅图像的平均误差：0.0879635像素
第12幅图像的平均误差：0.395444像素
第13幅图像的平均误差：0.543892像素
第14幅图像的平均误差：0.293704像素
第15幅图像的平均误差：0.363094像素
第16幅图像的平均误差：0.100192像素
第17幅图像的平均误差：0.14322像素
第18幅图像的平均误差：0.0730482像素
第19幅图像的平均误差：0.0820037像素
第20幅图像的平均误差：0.0825679像素
第21幅图像的平均误差：0.0777012像素
第22幅图像的平均误差：0.0777022像素
总体平均误差：0.278831像素

相机内参数矩阵：
[186.7686885959094, 0, 288.6304091079904;
 0, 184.6235586163403, 242.4900770605329;
 0, 0, 1]
畸变系数：
[-0.139034, 0.342654, -0.481594, 0.173895]
第1幅图像的旋转向量：
[0.519655, 2.64044, -0.285116]
第1幅图像的旋转矩阵：
[-0.8363750106449691, 0.4016864967011713, 0.372994369845669;
 0.3128033597933488, 0.9085269075039757, -0.277007069301951;
 -0.450145420581639, -0.1150078984644227, -0.8855180876866245]
第1幅图像的平移向量：
[-204.248, -125.325, 219.818]
第2幅图像的旋转向量：
[0.521122, 2.63219, -0.26696]
第2幅图像的旋转矩阵：
[-0.8315268447409028, 0.4015349534725675, 0.3838395336791425;
 0.3162925435048677, 0.9102946386187366, -0.2670630970860706;
 -0.4566422378607348, -0.1006645520616153, -0.883936940375146]
第2幅图像的平移向量：
[-209.118, -124.91, 225.713]
第3幅图像的旋转向量：
[0.0904225, 2.90793, 0.171898]
第3幅图像的旋转矩阵：
[-0.9724034131940255, 0.0478336509505856, 0.2283496088136494;
 0.07440368461255434, 0.9912310789028231, 0.1092018311807113;
 -0.2211237068355284, 0.1231782856427323, -0.9674354842682961]
第3幅图像的平移向量：
[-38.6336, -136.456, 173.583]
第4幅图像的旋转向量：
[0.113575, 2.90551, 0.146361]
第4幅图像的旋转矩阵：
[-0.9706209922226717, 0.06536581385412908, 0.2315646774356217;
 0.08830533235277362, 0.9920087592290774, 0.09011542537686917;
 -0.2238237202236223, 0.1079163193959803, -0.9686366760934062]
第4幅图像的平移向量：
[-44.517, -138.292, 177.808]
第5幅图像的旋转向量：
[-0.0302807, -3.04332, -0.097044]
第5幅图像的旋转矩阵：
[-0.9951432785854192, 0.02290421859906898, -0.09573532188606657;
 0.01675837127327135, 0.9977760559980584, 0.06451433227760818;
 0.09700006226044344, 0.0625966360703553, -0.9933139730589445]
第5幅图像的平移向量：
[96.0442, -140.51, 183.566]
第6幅图像的旋转向量：
[-3.02293, -0.33858, 0.875211]
第6幅图像的旋转矩阵：
[0.8242275019555798, 0.2108264174665386, -0.5255485198516776;
 0.1977524748833299, -0.9768392751496259, -0.08172508306922283;
 -0.5306062416685111, -0.03656845940668228, -0.8468292413934697]
第6幅图像的平移向量：
[103.686, 10.9651, 182.631]
第7幅图像的旋转向量：
[-3.02418, -0.382662, 0.846483]
第7幅图像的旋转矩阵：
[0.8275771323246346, 0.2371193574072282, -0.5088128343468915;
 0.2253209421184914, -0.9704996766666014, -0.08579539983505906;
 -0.5141464412948605, -0.04364387623487782, -0.8565912963432591]
第7幅图像的平移向量：
[100.756, 8.59745, 180.063]
第8幅图像的旋转向量：
[-1.92711, -1.87117, -0.517676]
第8幅图像的旋转矩阵：
[0.0335495037599457, 0.9993332169137463, -0.01440667797532669;
 0.8498260935024009, -0.02093796902036149, 0.5266471420749868;
 0.5259943360910936, -0.02991192113732832, -0.8499619023073706]
第8幅图像的平移向量：
[-50.7791, -161.915, 101.729]
第9幅图像的旋转向量：
[-1.94617, -1.90842, -0.474684]
第9幅图像的旋转矩阵：
[0.02464735061035483, 0.9995050493014886, -0.01954902884336301;
 0.8738793937994781, -0.01204407080690673, 0.4859935652362637;
 0.4855175724940824, -0.0290619472717612, -0.8737437210190564]
第9幅图像的平移向量：
[-48.1391, -161.747, 102.54]
第10幅图像的旋转向量：
[2.02264, 1.94634, -0.512364]
第10幅图像的旋转矩阵：
[0.02547397248344763, 0.9981368243063827, -0.05544327451983666;
 0.8960632593241532, -0.0473866877912823, -0.44139000567474;
 -0.4431948916845591, -0.0384367244148216, -0.8956008632203136]
第10幅图像的平移向量：
[-41.9938, 35.4065, 180.476]
第11幅图像的旋转向量：
[2.23492, 2.17847, -0.122914]
第11幅图像的旋转矩阵：
[0.02406864288403754, 0.9987577463908338, -0.04363100335797258;
 0.9973267863844647, -0.02700034134227414, -0.06789891551002109;
 -0.06899261982094147, -0.04188013361611245, -0.9967377151580749]
第11幅图像的平移向量：
[-60.7738, -42.8814, 183.01]
第12幅图像的旋转向量：
[-2.6824, -1.43829, -0.0186792]
第12幅图像的旋转矩阵：
[0.5543997099979826, 0.8314982686161975, -0.03537782981499759;
 0.8302990781948486, -0.5496904934761082, 0.09189016340597836;
 0.05695965504581068, -0.08031805942786835, -0.9951404961244436]
第12幅图像的平移向量：
[-23.2388, -49.2702, 187.349]
第13幅图像的旋转向量：
[-2.69946, -1.47311, 0.0385066]
第13幅图像的旋转矩阵：
[0.5413352737478503, 0.8390969654357651, -0.05359481311498915;
 0.8407510560738979, -0.5394644184997144, 0.04599785737826036;
 0.009684167850966891, -0.06996015844218545, -0.99750277850429]
第13幅图像的平移向量：
[-22.3225, -47.6801, 185.322]
第14幅图像的旋转向量：
[-2.66971, -1.49652, -0.00956494]
第14幅图像的旋转矩阵：
[0.5225847308919159, 0.851903665945914, -0.03413712036092237;
 0.8513977116679667, -0.5193226584582018, 0.07366079675414619;
 0.04502372269341222, -0.06755827380727289, -0.9966989234643571]
第14幅图像的平移向量：
[-24.1667, -47.8705, 182.703]
第15幅图像的旋转向量：
[-2.66419, -1.52848, 0.00298173]
第15幅图像的旋转矩阵：
[0.505333631812066, 0.8621505770649771, -0.03652811281950703;
 0.8622865313985917, -0.5028808170343448, 0.05977308447332871;
 0.03316411205223754, -0.06170304956318574, -0.9975434202812375]
第15幅图像的平移向量：
[-24.034, -50.403, 180.301]
第16幅图像的旋转向量：
[-1.92654, -2.36412, -0.0739524]
第16幅图像的旋转矩阵：
[-0.199847863295978, 0.9790152417583273, -0.03987465286263739;
 0.9746089369361135, 0.2028132275286753, 0.09489054106527484;
 0.1009863930452556, -0.01989852115825715, -0.9946887941841024]
第16幅图像的平移向量：
[-80.2269, -89.7003, 182.109]
第17幅图像的旋转向量：
[-1.40152, -2.70353, -0.133285]
第17幅图像的旋转矩阵：
[-0.5737313369772596, 0.8179323980104368, -0.04264909442394683;
 0.8097709864885886, 0.574279703345752, 0.1203069896822863;
 0.1228954938619985, 0.03448789077360314, -0.9918201868173503]
第17幅图像的平移向量：
[-71.3911, -116.361, 167.246]
第18幅图像的旋转向量：
[-1.3395, -2.72757, -0.149236]
第18幅图像的旋转矩阵：
[-0.6083496061111188, 0.7923523469400773, -0.04570027399258705;
 0.7826366030248391, 0.6084652878753648, 0.1313390309713322;
 0.1318738198058532, 0.04413334056356323, -0.9902835674192084]
第18幅图像的平移向量：
[-52.3029, -112.998, 156.539]
第19幅图像的旋转向量：
[-1.35642, -2.70052, -0.151728]
第19幅图像的旋转矩阵：
[-0.5927445290890323, 0.8032801553314927, -0.05826590156887924;
 0.7916980105288177, 0.5944237932955235, 0.1409773531063489;
 0.1478789483318474, 0.03743455642549139, -0.9882967523094941]
第19幅图像的平移向量：
[-59.6788, -110.164, 155.233]
第20幅图像的旋转向量：
[-1.36562, -2.69423, -0.15623]
第20幅图像的旋转矩阵：
[-0.5868430839579317, 0.8076570774594357, -0.05749121707205987;
 0.7955986883754317, 0.588360934243716, 0.1444096191780647;
 0.1504590371697113, 0.03900584937600789, -0.9878464566158142]
第20幅图像的平移向量：
[-59.856, -109.061, 154.095]
第21幅图像的旋转向量：
[-1.36607, -2.69747, -0.161518]
第21幅图像的旋转矩阵：
[-0.5877888500850665, 0.8072741878837624, -0.05303445382284035;
 0.7951777492099297, 0.5885654148041686, 0.145887284085444;
 0.1489852840957971, 0.04357910133319245, -0.9878786600842665]
第21幅图像的平移向量：
[-57.6718, -108.872, 153.125]
第22幅图像的旋转向量：
[-1.36904, -2.69619, -0.158622]
第22幅图像的旋转矩阵：
[-0.5860385815287563, 0.808501886435976, -0.05369805014366271;
 0.7966278898806526, 0.5870110096492368, 0.1442292606057529;
 0.148130975910044, 0.04174654692368524, -0.9880862511926206]
第22幅图像的平移向量：
[-57.0319, -109.006, 153.083]
第23幅图像的旋转向量：
[-4.73221e-12, 2.69266e-321, -204.248]
第23幅图像的旋转矩阵：
[-0.9990046409016241, -0.04460636117211443, 4.631483458497649e-14;
 0.04460636117211443, -0.9990046409016241, -1.033482462648204e-15;
 4.631483458497649e-14, 1.033482462648204e-15, 0.9999999999999994]
第23幅图像的平移向量：
[-7.57488e-09, 2.42092e-322, 2.14168e-316]
第24幅图像的旋转向量：
[-125.325, 219.818, -209.118]
第24幅图像的旋转矩阵：
[0.1741898288918183, 0.3895418359125676, 0.9043865664551333;
 -0.8838373894810908, 0.4667778283447319, -0.03082090071731336;
 -0.4341536277239769, -0.7939619745552315, 0.4255995893964986]
第24幅图像的平移向量：
[6.89946e-310, 2.14201e-316, 3.43597e+10]
第25幅图像的旋转向量：
[-124.91, 225.713, -38.6336]
第25幅图像的旋转矩阵：
[-0.5378613998980495, -0.8409738703314845, 0.05889027015894761;
 -0.8126870678325741, 0.4986599088777652, -0.3014598232861416;
 0.2241536175871441, -0.210002963545046, -0.9516585054655343]
第25幅图像的平移向量：
[0, 9.25385e-321, 6.89954e-310]

